140.1072024518271, 233.07915341929328
193.21746352692023, 194.44732650210858
