162.7587242319744, 70.53849557693312
84.71102185549708, 137.96864052590945
