204.5018338124777, 78.79038229811673
134.27935301313573, 185.87246345565083
