122.3350858983333, 86.41984049808035
133.40701039070154, 58.92969498176235
44.372825852150456, 195.6518917650702
