191.39902656329343, 189.55409323864075
47.89752960670791, 116.69998144101423
