209.25718099323635, 110.6989517329986
93.49363569333089, 172.42529491699165
