118.78369193692262, 183.49017322984395
44.250647592387054, 179.98940613720964
