153.05531112450072, 121.92173303890284
70.34099396327463, 105.62749673165851
