83.81475090204425, 216.52904936582925
85.05636671035641, 53.73340251670149
44.462421377428186, 196.48872991341992
